PS C:\Users\nielj\Documents\GitHub\TDShopInfo> python .\app.py
3
2
1
134
117:24:29 Restock
BuybackE
Q- Buy
Sell
Special Blueprints Vendor
Skill Power
Primary Firepower
311,240
Firearms 소 7583
Toughness
338,315
Stamina 3,982
100,217
Electronics 2,789
ca Blueprints - Crafting
Weapon Kit
High-end
LEVEL
Weapon Kit (Electronics)
01
01
256
998 256
66s 256
320
Constructs a Weapon Kit that can be
used for weapon recalibration.
LEVEL
Weapon Kit (Fabric)
Resource Requirements
320
Electronics 99/8
SASG-12 Blueprint
SCORE
998
Model 700 Blueprint
SCORE
Electronics Backpack Blueprint
SCORE
Inventory Capacity 68/120 0 9
Wallet:322
Buy Esc Back G Compare
30 29

bounds: (3,2),(2194,2),(2194,1271),(3,1271)
134
bounds: (3,2),(52,2),(52,31),(3,31)
117:24:29
bounds: (751,147),(848,143),(849,164),(752,168)
Restock
bounds: (859,139),(954,135),(955,157),(860,161)
BuybackE
bounds: (1953,144),(2165,144),(2165,172),(1953,172)
Q-
bounds: (1311,158),(1422,153),(1424,200),(1313,205)
Buy
bounds: (1447,172),(1502,170),(1503,193),(1448,195)
Sell
bounds: (1712,161),(1754,157),(1756,177),(1714,181)
Special
bounds: (739,192),(872,186),(874,229),(741,235)
Blueprints
bounds: (889,183),(1080,175),(1082,220),(891,228)
Vendor
bounds: (1098,174),(1236,168),(1237,204),(1100,210)
Skill
bounds: (1778,227),(1831,225),(1832,246),(1779,248)
Power
bounds: (1846,224),(1928,221),(1929,242),(1847,245)
Primary
bounds: (809,267),(890,263),(891,286),(810,290)
Firepower
bounds: (901,263),(1011,258),(1012,283),(902,288)
311,240
bounds: (836,297),(983,291),(985,336),(838,342)
Firearms
bounds: (816,371),(917,367),(918,390),(817,394)
소
bounds: (926,367),(954,366),(955,392),(927,393)
7583
bounds: (964,369),(1016,367),(1017,387),(965,389)
Toughness
bounds: (1303,247),(1421,242),(1422,268),(1304,273)
338,315
bounds: (1278,282),(1440,275),(1442,320),(1280,327)
Stamina
bounds: (1261,356),(1361,352),(1362,384),(1262,388)
3,982
bounds: (1413,349),(1469,347),(1470,379),(1414,381)
100,217
bounds: (1769,261),(1936,256),(1937,304),(1770,309)
Electronics
bounds: (1724,342),(1875,337),(1876,362),(1725,367)
2,789
bounds: (1907,338),(1998,335),(1999,357),(1908,360)
ca
bounds: (683,432),(711,431),(712,462),(684,463)
Blueprints
bounds: (724,422),(862,418),(863,449),(725,453)
-
bounds: (877,431),(888,431),(888,434),(877,434)
Crafting
bounds: (902,417),(1014,414),(1015,447),(903,450)
Weapon
bounds: (1742,477),(1819,474),(1820,494),(1743,497)
Kit
bounds: (1829,476),(1854,475),(1855,491),(1830,492)
High-end
bounds: (1743,501),(1829,501),(1829,522),(1743,522)
LEVEL
bounds: (1444,477),(1490,476),(1490,489),(1444,490)
Weapon
bounds: (809,489),(880,488),(880,506),(809,507)
Kit
bounds: (889,486),(915,485),(915,505),(889,506)
(Electronics)
bounds: (917,484),(1033,482),(1033,502),(917,504)
01
bounds: (1443,499),(1490,499),(1490,542),(1443,542)
01
bounds: (1444,611),(1490,611),(1490,652),(1444,652)
256
bounds: (1433,717),(1505,715),(1506,752),(1434,754)
998
bounds: (1373,841),(1413,839),(1414,860),(1374,862)
256
bounds: (1432,822),(1504,818),(1506,856),(1434,860)
66s
bounds: (1357,933),(1407,930),(1409,970),(1359,973)
256
bounds: (1431,929),(1501,925),(1503,965),(1433,969)
320
bounds: (1352,518),(1404,520),(1403,550),(1351,548)
Constructs
bounds: (1742,548),(1834,547),(1834,562),(1742,563)
a
bounds: (1842,551),(1852,551),(1852,562),(1842,562)
Weapon
bounds: (1859,547),(1932,546),(1932,564),(1859,565)
Kit
bounds: (1942,546),(1964,546),(1964,561),(1942,561)
that
bounds: (1973,547),(2008,547),(2008,560),(1973,560)
can
bounds: (2017,548),(2048,548),(2048,559),(2017,559)
be
bounds: (2057,544),(2077,544),(2077,559),(2057,559)
used
bounds: (1742,576),(1779,576),(1779,591),(1742,591)
for
bounds: (1788,576),(1810,576),(1810,591),(1788,591)
weapon
bounds: (1818,578),(1889,577),(1889,590),(1818,591)
recalibration.
bounds: (1897,574),(2013,573),(2013,588),(1897,589)
LEVEL
bounds: (1448,588),(1493,588),(1493,600),(1448,600)
Weapon
bounds: (827,594),(897,593),(897,611),(827,612)
Kit
bounds: (904,593),(927,593),(927,608),(904,608)
(Fabric)
bounds: (936,591),(1001,590),(1001,611),(936,612)
Resource
bounds: (1742,617),(1821,617),(1821,633),(1742,633)
Requirements
bounds: (1829,617),(1951,617),(1951,635),(1829,635)
320
bounds: (1359,623),(1408,623),(1408,659),(1359,659)
Electronics
bounds: (1782,653),(1885,649),(1886,674),(1783,679)
99/8
bounds: (1897,648),(1937,646),(1938,672),(1898,674)
SASG-12
bounds: (827,693),(901,693),(901,710),(827,710)
Blueprint
bounds: (909,693),(988,693),(988,712),(909,712)
SCORE
bounds: (1446,694),(1496,694),(1496,706),(1446,706)
998
bounds: (1359,733),(1409,735),(1408,760),(1358,758)
Model
bounds: (827,793),(880,793),(880,810),(827,810)
700
bounds: (887,793),(916,793),(916,810),(887,810)
Blueprint
bounds: (923,793),(1004,793),(1004,814),(923,814)
SCORE
bounds: (1446,799),(1496,799),(1496,811),(1446,811)
Electronics
bounds: (828,893),(920,895),(920,911),(828,909)
Backpack
bounds: (929,894),(1011,896),(1011,916),(929,914)
Blueprint
bounds: (1021,894),(1101,896),(1101,917),(1021,915)
SCORE
bounds: (1446,904),(1496,904),(1496,916),(1446,916)
Inventory
bounds: (699,1071),(807,1075),(806,1106),(698,1102)
Capacity
bounds: (821,1074),(919,1077),(918,1108),(820,1105)
68/120
bounds: (942,1078),(1124,1084),(1123,1115),(941,1109)
0
bounds: (1147,1086),(1252,1089),(1251,1120),(1146,1117)
9
bounds: (1274,1089),(1295,1090),(1294,1121),(1273,1120)
Wallet:322
bounds: (1923,1103),(2145,1113),(2143,1154),(1921,1144)
Buy
bounds: (744,1153),(816,1156),(815,1186),(743,1183)
Esc
bounds: (839,1157),(919,1160),(918,1190),(838,1187)
Back
bounds: (931,1161),(988,1163),(987,1193),(930,1191)
G
bounds: (1022,1164),(1069,1166),(1068,1196),(1021,1194)
Compare
bounds: (1086,1168),(1198,1173),(1197,1203),(1085,1198)
30
bounds: (2062,1226),(2114,1228),(2112,1266),(2060,1264)
29
bounds: (2139,1229),(2192,1231),(2190,1269),(2137,1267)
13ч
117:24:13 Restock
BuybackE
Sell
Special Blueprints Vendor a Buy
Skill Power
Primary Firepower
311,240
Firearms 소 7583
Toughness
338,315
Stamina 3,982
100,217
Electronics 2,789
Blueprints-Crafting
Weapon Kit
High-end
LEVEL
Weapon Kit (Fabric)
01
320
998 256
998 256
665 256
499 256
Constructs a Weapon Kit that can be
used for weapon recalibration.
SCORE
SASG-12 Blueprint
Resource Requirements
Fabric 799/8
Model 700 Blueprint
SCORE
L.
Electronics Backpack Blueprint
SCORE
Firearms Gloves Blueprint
SCORE
Inventory Capacity
68 / 120
丛0 / 9
Wallet:322
Buy Esc Back G Compare
30 29

bounds: (7,3),(2194,3),(2194,1271),(7,1271)
13ч
bounds: (7,3),(56,3),(56,26),(7,26)
117:24:13
bounds: (751,147),(843,143),(844,164),(752,168)
Restock
bounds: (853,141),(946,137),(947,160),(854,164)
BuybackE
bounds: (1953,144),(2165,144),(2165,172),(1953,172)
Sell
bounds: (1712,161),(1754,157),(1756,177),(1714,181)
Special
bounds: (728,182),(870,176),(872,232),(730,238)
Blueprints
bounds: (891,174),(1073,166),(1075,222),(893,230)
Vendor
bounds: (1102,166),(1225,161),(1227,217),(1104,222)
a
bounds: (1266,158),(1332,155),(1334,211),(1268,214)
Buy
bounds: (1408,152),(1494,148),(1496,204),(1410,208)
Skill
bounds: (1778,227),(1831,225),(1832,246),(1779,248)
Power
bounds: (1846,224),(1928,221),(1929,242),(1847,245)
Primary
bounds: (809,267),(890,263),(891,286),(810,290)
Firepower
bounds: (901,263),(1011,258),(1012,283),(902,288)
311,240
bounds: (836,297),(983,291),(985,336),(838,342)
Firearms
bounds: (816,371),(917,367),(918,390),(817,394)
소
bounds: (926,367),(954,366),(955,392),(927,393)
7583
bounds: (964,369),(1016,367),(1017,387),(965,389)
Toughness
bounds: (1303,247),(1421,242),(1422,268),(1304,273)
338,315
bounds: (1278,282),(1440,275),(1442,320),(1280,327)
Stamina
bounds: (1261,356),(1361,352),(1362,384),(1262,388)
3,982
bounds: (1413,349),(1469,347),(1470,379),(1414,381)
100,217
bounds: (1769,261),(1936,256),(1937,304),(1770,309)
Electronics
bounds: (1724,342),(1875,337),(1876,362),(1725,367)
2,789
bounds: (1907,338),(1998,335),(1999,357),(1908,360)
Blueprints
bounds: (724,422),(862,418),(863,449),(725,453)
-
bounds: (877,431),(888,431),(888,434),(877,434)
Crafting
bounds: (902,417),(1014,414),(1015,447),(903,450)
Weapon
bounds: (1742,477),(1819,474),(1820,494),(1743,497)
Kit
bounds: (1829,476),(1854,475),(1855,491),(1830,492)
High-end
bounds: (1743,501),(1829,501),(1829,522),(1743,522)
LEVEL
bounds: (1444,477),(1490,476),(1490,489),(1444,490)
Weapon
bounds: (811,489),(881,488),(881,505),(811,506)
Kit
bounds: (888,487),(911,487),(911,503),(888,503)
(Fabric)
bounds: (919,483),(987,482),(987,503),(919,504)
01
bounds: (1443,499),(1490,499),(1490,542),(1443,542)
320
bounds: (1352,518),(1404,520),(1403,550),(1351,548)
998
bounds: (1354,614),(1407,612),(1409,655),(1356,657)
256
bounds: (1426,612),(1499,609),(1501,652),(1428,655)
998
bounds: (1354,719),(1410,717),(1411,760),(1355,762)
256
bounds: (1427,717),(1497,715),(1498,758),(1428,760)
665
bounds: (1356,827),(1409,824),(1411,866),(1358,869)
256
bounds: (1426,823),(1499,819),(1501,861),(1428,865)
499
bounds: (1374,946),(1414,944),(1415,962),(1375,964)
256
bounds: (1433,928),(1504,924),(1506,961),(1435,965)
Constructs
bounds: (1742,548),(1834,547),(1834,562),(1742,563)
a
bounds: (1842,551),(1852,551),(1852,562),(1842,562)
Weapon
bounds: (1859,547),(1932,546),(1932,564),(1859,565)
Kit
bounds: (1942,546),(1964,546),(1964,561),(1942,561)
that
bounds: (1973,547),(2008,547),(2008,560),(1973,560)
can
bounds: (2017,548),(2048,548),(2048,559),(2017,559)
be
bounds: (2057,544),(2077,544),(2077,559),(2057,559)
used
bounds: (1742,576),(1779,576),(1779,591),(1742,591)
for
bounds: (1788,576),(1810,576),(1810,591),(1788,591)
weapon
bounds: (1818,578),(1889,577),(1889,590),(1818,591)
recalibration.
bounds: (1897,574),(2013,573),(2013,588),(1897,589)
SCORE
bounds: (1446,588),(1494,588),(1494,600),(1446,600)
SASG-12
bounds: (827,593),(901,593),(901,609),(827,609)
Blueprint
bounds: (909,592),(988,592),(988,611),(909,611)
Resource
bounds: (1742,617),(1821,617),(1821,633),(1742,633)
Requirements
bounds: (1829,617),(1951,617),(1951,635),(1829,635)
Fabric
bounds: (1779,653),(1840,653),(1840,670),(1779,670)
799/8
bounds: (1852,653),(1901,653),(1901,670),(1852,670)
Model
bounds: (828,693),(880,693),(880,710),(828,710)
700
bounds: (888,693),(917,693),(917,710),(888,710)
Blueprint
bounds: (926,693),(1005,693),(1005,712),(926,712)
SCORE
bounds: (1446,694),(1496,694),(1496,706),(1446,706)
L.
bounds: (97,787),(120,787),(120,811),(97,811)
Electronics
bounds: (827,792),(919,793),(919,809),(827,808)
Backpack
bounds: (928,792),(1011,793),(1011,813),(928,812)
Blueprint
bounds: (1019,793),(1100,794),(1100,814),(1019,813)
SCORE
bounds: (1446,799),(1496,799),(1496,811),(1446,811)
Firearms
bounds: (828,893),(900,894),(900,909),(828,908)
Gloves
bounds: (909,894),(966,895),(966,911),(909,910)
Blueprint
bounds: (977,896),(1057,897),(1057,915),(977,914)
SCORE
bounds: (1446,904),(1496,904),(1496,916),(1446,916)
Inventory
bounds: (699,1076),(810,1080),(809,1105),(698,1101)
Capacity
bounds: (822,1077),(924,1080),(923,1107),(821,1104)
68
bounds: (1029,1086),(1056,1087),(1055,1107),(1028,1106)
/
bounds: (1069,1086),(1077,1086),(1076,1107),(1068,1107)
120
bounds: (1091,1087),(1129,1088),(1128,1109),(1090,1108)
丛
bounds: (1188,1087),(1216,1088),(1215,1115),(1187,1114)
0
bounds: (1238,1092),(1251,1092),(1250,1113),(1237,1113)
/
bounds: (1264,1092),(1274,1092),(1273,1114),(1263,1114)
9
bounds: (1287,1093),(1300,1093),(1299,1114),(1286,1114)
Wallet:322
bounds: (1923,1103),(2145,1113),(2143,1154),(1921,1144)
Buy
bounds: (744,1153),(816,1156),(815,1186),(743,1183)
Esc
bounds: (839,1157),(919,1160),(918,1190),(838,1187)
Back
bounds: (931,1161),(988,1163),(987,1193),(930,1191)
G
bounds: (1022,1164),(1069,1166),(1068,1196),(1021,1194)
Compare
bounds: (1086,1168),(1198,1173),(1197,1203),(1085,1198)
30
bounds: (2062,1226),(2114,1228),(2112,1266),(2060,1264)
29
bounds: (2139,1229),(2192,1231),(2190,1269),(2137,1267)
133
117:24:02 Restock
BuybackE
Q- Buy
Sell
Special Blueprints Vendor
Skill Power
Primary Firepower
311,240
Firearms 소 7583
Toughness
338,315
Stamina 3,982
100,217
Electronics 2,789
Blueprints-Crafting
SCORE
SASG-12
High-end
SCORE
SASG-12 Blueprint
256
256
998 256
665 256
499 256
3200 30
998
Shotgun
DMG 솟
97.9K
106K
RPM
180
SCORE
MAG
Model 700 Blueprint
Tab View Details
Electronics Backpack Blueprint
SCORE
Resource Requirements
Weapon Parts 117/7
Firearms Gloves Blueprint
SCORE
Tools 54/4
Random Talent
Random Talent?
Random Talent?
Angled Grip - Red Blueprint
LEVEL
Inventory Capacity
68 / 120
丛0 / 9
Wallet:322
Buy Esc Back G Compare
30 29

bounds: (8,2),(2194,2),(2194,1271),(8,1271)
133
bounds: (8,2),(55,2),(55,25),(8,25)
117:24:02
bounds: (751,147),(849,143),(850,165),(752,169)
Restock
bounds: (859,141),(955,137),(956,159),(860,163)
BuybackE
bounds: (1953,144),(2165,144),(2165,172),(1953,172)
Q-
bounds: (1311,158),(1422,153),(1424,200),(1313,205)
Buy
bounds: (1447,172),(1502,170),(1503,193),(1448,195)
Sell
bounds: (1712,161),(1754,157),(1756,177),(1714,181)
Special
bounds: (739,192),(872,186),(874,229),(741,235)
Blueprints
bounds: (889,183),(1080,175),(1082,220),(891,228)
Vendor
bounds: (1098,174),(1236,168),(1237,204),(1100,210)
Skill
bounds: (1778,227),(1831,225),(1832,246),(1779,248)
Power
bounds: (1846,224),(1928,221),(1929,242),(1847,245)
Primary
bounds: (809,267),(890,263),(891,286),(810,290)
Firepower
bounds: (901,263),(1011,258),(1012,283),(902,288)
311,240
bounds: (836,297),(983,291),(985,336),(838,342)
Firearms
bounds: (816,371),(917,367),(918,390),(817,394)
소
bounds: (926,367),(954,366),(955,392),(927,393)
7583
bounds: (964,369),(1016,367),(1017,387),(965,389)
Toughness
bounds: (1303,247),(1421,242),(1422,268),(1304,273)
338,315
bounds: (1278,282),(1440,275),(1442,320),(1280,327)
Stamina
bounds: (1261,356),(1361,352),(1362,384),(1262,388)
3,982
bounds: (1413,349),(1469,347),(1470,379),(1414,381)
100,217
bounds: (1769,261),(1936,256),(1937,304),(1770,309)
Electronics
bounds: (1724,342),(1875,337),(1876,362),(1725,367)
2,789
bounds: (1907,338),(1998,335),(1999,357),(1908,360)
Blueprints
bounds: (724,422),(862,418),(863,449),(725,453)
-
bounds: (877,431),(888,431),(888,434),(877,434)
Crafting
bounds: (902,417),(1014,414),(1015,447),(903,450)
SCORE
bounds: (2049,469),(2107,468),(2107,481),(2049,482)
SASG-12
bounds: (1743,474),(1826,474),(1826,491),(1743,491)
High-end
bounds: (1743,501),(1829,501),(1829,522),(1743,522)
SCORE
bounds: (1441,477),(1492,476),(1492,489),(1441,490)
SASG-12
bounds: (809,487),(886,487),(886,505),(809,505)
Blueprint
bounds: (893,486),(975,486),(975,508),(893,508)
256
bounds: (2048,491),(2109,486),(2112,518),(2051,523)
256
bounds: (1431,502),(1503,499),(1505,536),(1433,539)
998
bounds: (1357,614),(1408,612),(1410,654),(1359,656)
256
bounds: (1426,612),(1496,609),(1498,651),(1428,654)
665
bounds: (1372,737),(1413,736),(1414,756),(1373,757)
256
bounds: (1432,717),(1503,715),(1504,752),(1433,754)
499
bounds: (1358,827),(1406,824),(1408,862),(1360,865)
256
bounds: (1429,823),(1497,819),(1499,857),(1431,861)
3200
bounds: (1333,942),(1414,935),(1416,963),(1335,970)
30
bounds: (1438,928),(1494,923),(1498,968),(1442,973)
998
bounds: (1351,518),(1406,516),(1407,544),(1352,546)
Shotgun
bounds: (1742,548),(1812,547),(1812,564),(1742,565)
DMG
bounds: (1741,586),(1784,584),(1785,599),(1742,601)
솟
bounds: (1792,583),(1807,582),(1808,595),(1793,596)
97.9K
bounds: (1742,606),(1789,606),(1789,625),(1742,625)
106K
bounds: (1742,639),(1792,641),(1791,659),(1741,657)
RPM
bounds: (1866,583),(1908,582),(1909,598),(1867,599)
180
bounds: (1866,602),(1901,605),(1899,623),(1864,620)
SCORE
bounds: (1446,588),(1494,588),(1494,600),(1446,600)
MAG
bounds: (1993,582),(2039,582),(2039,598),(1993,598)
Model
bounds: (828,593),(880,593),(880,609),(828,609)
700
bounds: (888,593),(917,593),(917,609),(888,609)
Blueprint
bounds: (926,592),(1005,592),(1005,611),(926,611)
Tab
bounds: (1847,686),(1876,686),(1876,698),(1847,698)
View
bounds: (1884,682),(1932,682),(1932,698),(1884,698)
Details
bounds: (1941,682),(2007,682),(2007,698),(1941,698)
Electronics
bounds: (828,693),(921,693),(921,710),(828,710)
Backpack
bounds: (929,693),(1011,693),(1011,712),(929,712)
Blueprint
bounds: (1019,693),(1100,693),(1100,712),(1019,712)
SCORE
bounds: (1446,694),(1496,694),(1496,706),(1446,706)
Resource
bounds: (1742,731),(1821,731),(1821,747),(1742,747)
Requirements
bounds: (1829,731),(1951,731),(1951,749),(1829,749)
Weapon
bounds: (1791,767),(1863,767),(1863,783),(1791,783)
Parts
bounds: (1871,767),(1917,767),(1917,783),(1871,783)
117/7
bounds: (1927,767),(1970,767),(1970,783),(1927,783)
Firearms
bounds: (827,793),(901,793),(901,810),(827,810)
Gloves
bounds: (908,793),(967,793),(967,810),(908,810)
Blueprint
bounds: (976,793),(1057,793),(1057,815),(976,815)
SCORE
bounds: (1446,799),(1496,799),(1496,811),(1446,811)
Tools
bounds: (1791,816),(1837,816),(1837,832),(1791,832)
54/4
bounds: (1847,816),(1888,816),(1888,832),(1847,832)
Random
bounds: (1741,877),(1812,878),(1812,894),(1741,893)
Talent
bounds: (1819,879),(1874,880),(1874,896),(1819,895)
Random
bounds: (1742,919),(1813,919),(1813,935),(1742,935)
Talent?
bounds: (1821,921),(1895,921),(1895,937),(1821,937)
Random
bounds: (1742,961),(1812,962),(1812,977),(1742,976)
Talent?
bounds: (1819,962),(1894,963),(1894,978),(1819,977)
Angled
bounds: (827,893),(885,894),(885,912),(827,911)
Grip
bounds: (893,894),(928,895),(928,913),(893,912)
-
bounds: (936,894),(948,894),(948,909),(936,909)
Red
bounds: (949,896),(982,897),(982,912),(949,911)
Blueprint
bounds: (992,896),(1072,897),(1072,915),(992,914)
LEVEL
bounds: (1448,904),(1493,904),(1493,916),(1448,916)
Inventory
bounds: (699,1076),(810,1080),(809,1105),(698,1101)
Capacity
bounds: (822,1077),(924,1080),(923,1107),(821,1104)
68
bounds: (1029,1086),(1056,1087),(1055,1107),(1028,1106)
/
bounds: (1069,1086),(1077,1086),(1076,1107),(1068,1107)
120
bounds: (1091,1087),(1129,1088),(1128,1109),(1090,1108)
丛
bounds: (1188,1087),(1216,1088),(1215,1115),(1187,1114)
0
bounds: (1238,1092),(1251,1092),(1250,1113),(1237,1113)
/
bounds: (1264,1092),(1274,1092),(1273,1114),(1263,1114)
9
bounds: (1287,1093),(1300,1093),(1299,1114),(1286,1114)
Wallet:322
bounds: (1923,1103),(2145,1113),(2143,1154),(1921,1144)
Buy
bounds: (744,1153),(816,1156),(815,1186),(743,1183)
Esc
bounds: (839,1157),(919,1160),(918,1190),(838,1187)
Back
bounds: (931,1161),(988,1163),(987,1193),(930,1191)
G
bounds: (1022,1164),(1069,1166),(1068,1196),(1021,1194)
Compare
bounds: (1086,1168),(1198,1173),(1197,1203),(1085,1198)
30
bounds: (2062,1226),(2114,1228),(2112,1266),(2060,1264)
29
bounds: (2139,1229),(2192,1231),(2190,1269),(2137,1267)
PS C:\Users\nielj\Documents\GitHub\TDShopInfo>